200060000007004086000001300000000040090000000480000710900078000000050002020600501
009000700000800006230910000002008007300000020900040000190600270000280040000005108
406010000020000100500207000600001800000030509080000300030060210000000050000350408
000189003400030200000042000002000000000000598000000170700000040010790030040003005
000000000050930000000042000206000010004860090190000030508100076000000053001004000
000604030005003090002000000000000000090720000300008906080501000004007520010000700
039010000000073080708000105005000008001900000360000000024000009000080320000001800
840000001070000400000000050000000504003604010000000609400902000900851000205007008
004100060061000057002000004009000000020309000050000089005010300800007000003056000
080701000001000090730500041070000006205003000800000730000000500000150600000620004
008070000000100300000060207502000000300080070000020630000051040100000008600040700
085040900000000000029350000300000060000401000007090010060000000090030570000120800
080060024005102000000050800000090000000000150340000600070200090000008301050009070
000000070710000200800602950050040080930000020000080603000000002000864000001003006
000000000000904000094006020070050060009080000002003504000070040000000036780000000
000001600400080003050060001020000800000020010900700065080205079000007080090040006
020070108000800000005004000000000300100037902047000000506001000089025004000008000
000050000650090000400700060009030006000201070003000024000002010006000080040609000
200080070008002000000050010040000708000000500003400090060000007901300000000071630
900700500000600040800000039000173000003060070006000200009000000000400605001052400
006001007102005060000730000003800009000024103000000075080000200007040000500010000
000002000800000500032070000000930004060000080000760100400090000201300007009510802
603020050080000004001095060004000003090018000000600900200700000000000040005000801
900034700000000030000080020680150000090603000007000900201000800000000467000700002
900105000050000060100380020041036080002000000000020057000050000090000500600200310
000090200000400030000007050290060000000001000100003004004020080907000046006300000
000000100000009070615007000000006000000300009570020010000030086790040023800000000
000000800740200009000040016000570000260000304008000000003001000105380060680000000
003008095500001004000004320060000800005000060800002007000300000700050603080000200
000072090060900200005000001270801000000750006006000400800090570000300000000005040
000060001009003070008070090000100200600000004020006710200080000403000128000940000
003205006005000000700001900480000010006500209501020000000000040000068003000042100
000080009502900000000014000000406008047000000060000300006003000000200050104809060
500008090020041000001030000040300800005400063007005000900200745000100006070000900
050010007401000900000060205000000800015000000027500091090002000700940000000050680
000009040050040290700000000100700000009080007000004361000500120000090000003006004
400010000000540000863700000001004000002006470000030002000001064500000019020000750
000000900000012000009007062600000800000009050250300000007800009000000508160000307
020000071050009200063000009008050000010006002000007000040305000500600007001200800
000000001030960000000005902006300000000000078014007060400000080200680009070010000
100005020462000701000700090000070005090814000000900000020000003640008007500000000
000008097409700000050000002008016070000090003002800600060501000000040020000023010
000000006301000792400000000005040000000053009020907000000002005600070280080000063
053000084000500090000100000800900050000012700000004609004230005500008007009000000
701000056060000003040070000025010000300706000000900400000850300010000075000000900
007003006009000405300080000080020090000401000003600000000007002700002600010000350
009000207080001000001006900060500040002004600100020000040090103000003400800000000
907020060000000000008090070050000043080000009000649000500001000003006008000005201
000520000090000000500090800006000040700000000000308261060000008804007090300050700
000060000130040008000002900700100600000207080080000005000503002910000700003006040
008000091000500070007060000020040030900038024000002000000000943004000008590003000
200090500009000001000784090630000000500300000000002408900000670081007000000050000
005079030600000040000000000000000480001700050070093100000010002300004500009005600
900250000030649000000003020000000800500070410691020000008100000040000070075000080
000000980020805004001000020040030500008000062500016000083000000000000706002907000
000020000000001400000630087900000004005000006017300800602700015000060030000108000
020300900098600100003008060500000000000003897000402000800000002000007080017050300
032904050000007980000000000000050400300000000400002800001800200050000090060300071
090100000005000000040005300200093005000008600030600100700000210020060009306000800
000400003005020700000800029003082000040060000000100008120906000090000600000004200
900000005800000020107089000000070001000200009003000000000065302001820700000040590
000000096008650003200000001000060007000020800405800000703510040002370000000000009
000007000080020400507960000000000000200000049170000006300040010009300000008005062
008000906009005700040001000002300040706080230000072005020040000000000481007000000
008000006020050104000002030000095000080701090600000070050400001000600020090000700
000009000079052006010080003308000010000208450000000900100060005000000000042003000
006002801007105000020400000140000080000000003800030206008000005000040002500000630
030190080000040000000000103041006700090007002005030000008005910000000005000060047
008030500000081700000400000204000010000905406006200000305070040081300050090000630
900000001000083700160000020200068047000090000300007290000040300801600000050902000
360001200000000009107000008000000025009063000504000000000016000800000900650008300
000081000009500006000490000000008009007650080040000200073040090000010007025700030
070081000000000190000740000001000089000608051000003400002970040903000008004000006
490020000307004020060008903045070030006800010200001000009000000000000601000003004
005000090000070400600108007030000000104000320002300918000000060000052000080009004
090050610600900000080001000503000048006200700000030500000020085070609000000000000
030000005000000086000100400400090200300000600020054070100085300000006700600002004
900000050410700600003000089004250006000000103006000020000005900560079000020000000
800006304000000000040090001309060000000700006021800050002470000400008700000001040
000000049004500800020008500030084006056000000000010002970800060000002000800100400
000080200030010040500600000050009026000000000000400700800000002004003061001790000
000000005000801002050020060000400700540038200000000008900000400200010086086000090
000000620063008001007090080600400050400070302000500060008000010720003000000004005
060000000000006380000307000000000200007004001800093407076001030020040000401000002
080020700000051030309008000000200000000000209405003008000400000207000040000009120
002000004050000200100007000008010907900300060300000800040298000000500000800000390
704906000000000600060205090600800002009070140080004050000030000000001060000509200
000628000075004000030070000000000000001400860000010732010000080600090000008003021
000000006000008040019000300000000081002000050400500600076203400200006030080070005
300740000000000300000280014070000500008920000090001030000000490410052070000300005
300062504000000006001000080010400090008000000906007050000205309080000100030049000
760000020000700030300520008000100009000000051200040600013000000000400500029060000
900001400020060080800040073060218000000000010000000007004000009100904300200070000
003980000040200005006500000090800010008004000000000030000001050004009320007000600
030200060000000100000008000007040021008005000010000050004000000000030670600709803
518000000000003000600100070200049000000700030700000064000604008091000050000020100
600000900048060500009004000000006097102080000050400001000900800000108050000000003
090340002000000900000002000007000500001000003500800670030060080600430021000009050
000000570051000006000908000000001390870000060906040000000000010000460000020307400
700006200000000001400092600000801070002000105000040009000030700009100003038070000
